Weights
(3c00,0) (4500,4) (4880,8) (4a80,12)
(4000,1) (4600,5) (4900,9) (4b00,13)
(4200,2) (4700,6) (4980,10) (4b80,14)
(4400,3) (4800,7) (4a00,11) (4c00,15)
Inputs
(3c00,0,0) (4500,4,0) (4880,8,0) (4a80,12,0)
(4000,1,0) (4600,5,0) (4900,9,0) (4b00,13,0)
(4200,2,0) (4700,6,0) (4980,10,0) (4b80,14,0)
(4400,3,1) (4800,7,1) (4a00,11,1) (4c00,15,1)
Partials
4000 3c00 4200 4400
Multiply
Weights
(4800,0) (4200,3) (3c00,4) (4000,6)
(4600,1) (4400,2) (4500,5) (4200,7)
(4700,0) (4200,2) (4880,4) (3c00,7)
(4700,1) (4800,2) (4000,5) (4880,6)
Inputs
(4200,0,0) (4700,2,0) (4000,4,0) (4600,6,0)
(4400,1,1) (4000,3,1) (4880,5,1) (4800,7,1)
Partials
4000 4500 4800 4880
Multiply
Inputs
(4700,0,0) (4200,2,0) (3c00,4,0) (4000,6,0)
(4500,1,1) (4400,3,1) (4700,5,1) (4200,7,1)
Partials
4600 4000 3c00 4700
Multiply